rho_max=3590.0
vp_max=5524.0
vs_max=4026.0
eps_max=0.1844467967748642
gamma_max=0.13333991169929504
delta_max=0.23194538056850433
rho_mean=0.7507799863815308
vp_mean=0.7795981168746948
vs_mean=0.7309985160827637
eps_mean=0.5863785147666931
gamma_mean=0.5605470538139343
delta_mean=0.6664130091667175
