rho_max=3839.0
vp_max=6489.0
vs_max=3999.0
eps_max=0.25956490635871887
gamma_max=0.24065768718719482
delta_max=0.2931036949157715
rho_mean=0.6626886129379272
vp_mean=0.6760891079902649
vs_mean=0.7519354820251465
eps_mean=0.30609753727912903
gamma_mean=0.19618447124958038
delta_mean=0.2660829424858093
